0.0: 0.23570226039966413, 0.1751472367974225, 0.1315432159505879, 0.10428154768995881, 0.0934943473162117, 0.09710166489985146, 0.12138409915630166, 0.20574334409246894, 0.43791483333884906, 0.9647075191510617
0.1: 0.23570226039966413, 0.17230481704191689, 0.12796124304825182, 0.1014760145145383, 0.09227306410341571, 0.09756524540509998, 0.11632077452019697, 0.17225824572595555, 0.31533997604206704, 0.6347195893436727, 1.2797373515502455
0.2: 0.23570226039966413, 0.16933710316884498, 0.12449512236449672, 0.09933780503820351, 0.09246803466277763, 0.1002703882026258, 0.11764156414284292, 0.15881108727428722, 0.2504371156088002, 0.4469435289246421, 0.8352935558678791
0.3: 0.23570226039966413, 0.16624910720184163, 0.12127443081563902, 0.09813735822201165, 0.09439481127000131, 0.10506720670007055, 0.12333351266879636, 0.15672572680133431, 0.22307947662463973, 0.3482043903161157, 0.5822828548327926, 0.9927475512111333
0.4: 0.23570226039966413, 0.16306590542861493, 0.11852315482305842, 0.09833344348023353, 0.09853829311311994, 0.11222680088507662, 0.1321091250246875, 0.16097160924977072, 0.2162422926324001, 0.31758466273152336, 0.5004444765701118
0.5: 0.23570226039966413, 0.15985790112959525, 0.11663691763732215, 0.10064913370563996, 0.10557186917891653, 0.12231643338435552, 0.14395299863095562, 0.17113299811693392, 0.21826005434492768, 0.3039167965310973, 0.45378889849087073
0.6: 0.23570226039966413, 0.15680326121518393, 0.11634406426819023, 0.1061666359223965, 0.11641527960615622, 0.1362544732870396, 0.1598644661600035, 0.1879383212371016, 0.22866564307253842, 0.30357604216347867, 0.4320566295502472
0.7: 0.23570226039966413, 0.15435310030507193, 0.11904294418239952, 0.11653859109391605, 0.13262247517411174, 0.1557086517817729, 0.18200846267413046, 0.21269667834172312, 0.2515225640512955, 0.3180316106903129, 0.43531461921771764
0.8: 0.23570226039966413, 0.15371093621825954, 0.12753107747977332, 0.13484263651694112, 0.1573801300676963, 0.18459099894065223, 0.21524413561958705, 0.2511567003099069, 0.29502772255986953, 0.36166999021049834, 0.4790715627044282, 0.6763742510301267, 0.992724008358829
0.9: 0.23570226039966413, 0.15851170659256958, 0.14842363090894142, 0.16930560876321754, 0.20120216694370024, 0.23612066950823954, 0.2754017682050042, 0.32353935801572736, 0.3836038967404544, 0.46624268666675844, 0.6150467035783833
1.0: 0.23570226039966413, 0.18728687505057232, 0.21350785263152633, 0.2595653070988356, 0.3102853358621072, 0.36174845751946755, 0.4414816599549633, 0.5759442255909843, 0.7848881696140886, 1.0714757695631922